42205
12
516
6076
42732
22855
15065
7248
64571
18283
59279
51363
37477
7634
11694
26891
57066
25449
50783
12872
19684
17052
53213
30147
51157
25466
55056
58220
38427
41953
41524
15096
41965
42040
21173
19161
64896
36238
26409
63931
54521
20153
49758
26463
27787
61452
53354
19317
21366
38602
32190
41050
55654
19867
5661
41275
45334
60718
33960
18225
37135
9948
33321
13564
51988
54494
32725
51348
25197
59135
49744
14182
13752
33966
40645
41539
29883
28464
60856
51249
1530
27510
26763
57184
47378
32424
32923
27176
27606
1347
45401
64741
11295
13186
12769
63284
2145
45495
49096
27342
39094
33304
41524
52846
1735
16634
28849
31618
45098
24169
17331
46628
51680
44094
38276
33522
10982
5663
60698
38589
7011
40563
37794
18306
53749
50564
16054
55894
30523
65151
17700
4081
32919
59225
56927
34654
10323
20240
736
55421
44409
18067
36513
30553
62161
9253
64075
7608
14916
59237
46197
21927
34264
18455
40234
22478
3483
56288
12836
34006
55903
30537
38087
23287
24226
29478
57941
34549
49718
58678
24434
28592
11209
60947
59145
7835
4664
57685
15443
19580
51386
61640
41508
20115
14559
16206
42593
18043
6958
55429
52049
62862
20430
24601
20613
44656
54079
13018
13669
38262
6160
38103
1318
17370
33514
60463
25205
38178
52612
40648
57759
38463
36752
33731
58578
51311
49937
35635
3818
56895
25528
55868
54221
45959
14933
9298
25079
3476
22317
38749
41738
28477
11316
43056
45847
44831
37984
5516
17473
25060
46164
9696
63523
17380
43427
56565
3156
27828
26664
6974
19188
52193
62842
7873
32616
12239
17172
57695
15716
39489
30908
57454
2430
42225
34975
48278
21520
7423
53794
38993
32483
34423
48690
30471
51803
26581
21500
54959
54410
48165
61934
8062
34822
59240
15935
1902
5944
33107
59597
21660
7060
24970
13578
9491
1659
48553
57769
23179
55976
46027
62172
22924
14914
45326
53395
1182
6372
9359
56141
60782
57524
52539
3308
26810
46244
19243
28712
52188
52351
22774
8312
59411
47744
21890
3366
49403
4908
61135
7046
60884
41627
3682
18272
56541
49009
6131
57723
55381
15491
48329
50627
7479
35332
53935
34290
16040
7642
63002
2692
59993
20240
11004
53869
2448
32895
57235
51851
37803
52835
58897
33151
28926
62580
51424
19931
46053
57555
12119
35898
7510
60448
20989
14990
30244
9388
49280
46285
17030
46746
48977
11488
1451
59982
65357
3899
27341
57056
55751
65144
44355
49112
32759
7745
46156
18647
27677
26673
10667
39796
62571
18177
34708
18024
33167
64952
27412
16911
45701
44443
63658
29143
55931
65109
23589
55752
3472
50930
47272
59223
50538
26092
42800
17761
33837
23420
36409
61514
50094
47076
35774
47129
65253
4946
65154
32885
4363
27030
49796
50064
5937
47918
13671
61868
47491
37260
52084
50964
22654
33821
44651
7656
59913
21915
25418
28214
45336
61827
24193
29894
43367
59967
11487
43084
64914
11105
10433
3741
38136
60230
53805
44073
42612
1941
40406
24568
39201
26954
9996
61856
60775
54647
3976
55152
11027
29394
17831
56363
25685
42024
20721
3516
36455
32208
46601
35833
43314
57034
39574
15914
51728
27844
59987
28805
29785
34857
53373
3450
61812
63369
65306
57051
52480
3747
46668
63507
33141
64499
54334
58827
40987
9519
62343
11906
41728
43408
47740
19506
34907
21778
35420
21099
49622
29871
49904
13871
64729
37741
17322
61005
35574
17092
52520
22519
20839
33652
20490
53981
32615
9289
47272
8066
18808
44079
19973
60536
21952
2177
14506
56859
23955
49926
12422
8042
14262
62327
21913
13455
34532
39235
8924
4571
56328
61444
27090
11631
29561
47580
76
62176
56869
47348
4707
10142
25892
24680
5142
47844
26857
19649
39167
50812
4039
51589
58854
18301
48380
15232
31756
17377
54467
40680
21948
45259
36589
49038
56891
614
31082
56967
62790
22416
38780
1961
32558
64672
26641
37700
46980
53498
57349
20611
38775
61389
6664
32093
14154
55045
47325
45911
6886
36257
21055
28834
15980
57644
12336
7335
58258
43418
64303
55513
298
37547
57474
32856
36683
18580
5021
18127
6542
62370
38738
45317
58223
45402
11875
6842
34911
59200
52753
41797
29921
8272
5095
45902
381
17431
53237
58639
60850
52004
48616
61148
24015
40555
28469
60698
59135
33490
13289
141
30324
52027
45459
23012
31894
57334
29854
1269
50998
17071
43067
15384
25343
48162
61286
25724
58
48987
18828
60908
35456
1908
56520
59471
42463
19453
54634
36062
52943
2387
36204
17732
54415
16127
40744
20773
7925
5062
22042
58923
22133
65109
8771
47476
47736
4521
7665
47794
53509
26493
43166
23429
28401
34150
17364
5329
53604
6462
41391
41011
8850
12059
58743
63265
28186
33951
18502
36111
39013
40544
29499
61146
40118
38270
43087
22318
42792
50752
4576
30765
11709
47742
54194
40110
16356
6022
45439
4424
12485
21295
45436
21335
33354
38643
19064
61541
7059
37566
32116
46072
12574
61615
41683
52692
34350
19234
9474
11606
4450
14050
42371
16159
61792
31029
56269
12613
37051
36173
17037
49536
57468
62473
5335
25286
35581
24399
21291
42640
61965
53408
23176
9004
49487
64859
61696
18301
18557
5635
29907
23007
19685
6742
39166
15942
37771
29900
28555
9287
537
45592
58823
58005
42530
64159
17755
12575
23022
39047
55215
19452
26919
12855
28456
10870
12179
24616
29172
30736
30251
59079
53744
49937
286
27374
343
38057
57274
28898
47344
57811
8954
40632
50280
51484
39255
2500
64059
62277
41547
53738
16193
2930
1058
44649
13800
13237
3730
42972
43973
33981
36516
32181
18382
36802
59556
18725
9323
51294
47623
56668
43570
56578
31764
28314
42526
5483
30814
41050
2224
6825
29252
18418
9755
30310
63067
23556
43547
1261
992
21985
35243
37508
54166
53625
8774
48186
6815
18098
33945
54438
9230
11979
45480
40994
40293
22471
46477
5572
63521
48701
12397
27237
1583
22153
57548
64651
45709
35559
376
46701
57544
35619
18674
46175
23709
27448
28825
30524
45546
62770
19426
54776
9213
64907
30234
49507
21842
11175
55079
19827
59877
1940
47064
61460
24093
39076
60575
4266
9100
60952
50968
1108
31035
4106
47283
54744
31554
10573
19732
11565
7807
39159
805
17021
38530
31040
992
60372
42215
56071
14663
36556
58011
61727
32481
16569
35268
27520
20835
44368
22936
6267
45476
53972
10373
27224
43180
41928
37797
62913
53493
45604
36536
54298
62625
9530
19802
63617
4366
62018
54152
19029
33038
